01
2.0
4.144
8.921
20.024
47.045
116.191
303.126
839.893
2486.714
01
2.0
4.144
8.921
20.024
47.045
116.191
303.126
839.893
2486.714
01
2.0
4.144
8.921
20.024
47.045
116.191
303.126
839.893
2486.714
01
2.0
4.144
8.921
20.024
47.045
116.191
303.126
839.893
2486.714
01
2.0
4.144
8.921
20.024
47.045
116.191
303.126
839.893
2486.714
01
2.0
4.144
8.921
20.024
47.045
116.191
303.126
839.893
2486.714
01
2.0
4.144
8.921
20.024
47.045
116.191
303.126
839.893
2486.714
01
2.0
4.144
8.921
20.024
47.045
116.191
303.126
839.893
2486.714
01
2.0
4.144
8.921
20.024
47.045
116.191
303.126
839.893
2486.714
01
2.0
4.144
8.921
20.024
47.045
116.191
303.126
839.893
2486.714
